22.78
22.44
22.96
22.35
22.78
22.70
2.523.56
4.00
2.17
2426
2.65
23.48
23.39
23.22
23.13
23.39
23.39
23.39
23.13
23.30
23.22
22.96
23.13
22.96
22.70
23.04
23.04
22.87
22.87
22.53
22.53
22.70
22.78
22.53
22.70
22.78
22.44
22.35
22.70
22.78
22.53
22.78
22.87
22.96
23.30
23.48
23.30
23.30
23.39
23.22
23.39
23.22
23.22
23.30
23.74
23.39
23.04
23.65
23.48
23.65
23.65
23.82
23.65
23.65
23.74
23.65
23.30
23.74
23.65
23.48
23.56
23.48
23.56
23.39
23.39
22.96
23.30
23.13
22.96
23.22
23.04
22.87
22.87
23.22
22.78
22.78
22.61
22.53
22.78
22.53
22.70
22.61
22.44
22.44
22.61
22.44
22.53
22.18
22.53
22.27
22.53
22.70
22.61
22.53
22.53
22.70
22.61
22.61
22.87
23.13
22.87
23.13
23.22
22.78
23.13
23.04
22.87
23.13
23.39
23.04
23.39
23.13
23.04
23.22
23.13
23.30
23.39
23.30
23.48
23.39
23.48
23.65
23.56
23.30
23.39
23.39
23.39
23.48
23.13
23.13
23.13
23.39
23.13
23.13
23.13
22.70
22.61
22.70
22.70
23.04
22.87
22.78
22.87
22.44
22.27
22.53
22.78
22.70
22.27
22.53
22.27
22.35
22.27
22.18
22.27
22.35
22.44
22.44
22.18
22.53
22.61
22.44
22.53
22.78
22.87
22.78
22.87
22.61
22.61
22.87
23.04
22.96
23.13
23.22
23.22
23.13
23.13
23.22
23.56
23.65
23.82
23.82
23.30
23.82
24.17
24.00
24.00
24.08
23.74
23.74
23.82
23.74
23.48
23.82
23.30
23.48
23.56
23.13
23.22
23.04
22.78
23.22
22.96
23.22
22.87
22.78
23.04
23.30
23.22
22.96
23.04
23.04
23.39
22.96
23.04
23.22
23.22
23.30
22.96
23.04
22.78
22.78
22.87
22.87
22.87
23.04
22.78
22.78
22.78
23.13
23.04
23.30
23.39
23.04
23.30
23.48
23.65
23.48
23.65
23.65
23.65
23.48
23.56
23.65
24.00
23.74
23.48
23.65
23.56
23.91
23.39
23.91
23.74
23.74
23.82
23.74
23.65
23.56
23.30
23.30
23.74
23.56
